24453
28003
32705
38288
37189
43429
19778
34268
30993
27089
27716
24841
22617
18033
20697
27509
40693
46373
43977
43373
32093
23522
43106
44085
23197
31189
23361
43568
36404
16716
32748
17016
33340
28993
35544
38995
31708
38521
18900
35327
41117
31821
23696
42101
22049
42927
17199
23346
23391
47299
32162
29775
32227
43976
27925
36070
20214
30427
42133
37644
25432
38589
45125
38824
25964
32868
29716
38290
36693
38158
20526
34491
33064
27025
37831
33387
33359
42913
26575
31094
40503
38791
18862
48868
44196
20159
35274
39639
47322
42148
25736
32466
25913
33992
40304
23693
39431
30811
38392